{
 "cells": [
  {
   "cell_type": "markdown",
   "id": "3a303ca5",
   "metadata": {},
   "source": [
    "Let's give ourselves a matrix to start with"
   ]
  },
  {
   "cell_type": "code",
   "execution_count": 39,
   "id": "a60d5126",
   "metadata": {},
   "outputs": [
    {
     "name": "stdout",
     "output_type": "stream",
     "text": [
      "Left singular\n",
      "[[-0.36255872  0.92069219 -0.14448898]\n",
      " [-0.89441613 -0.38730766 -0.22363489]\n",
      " [-0.26186058  0.04815249  0.96390372]]\n",
      "Sigma\n",
      "[[9.31522027 0.         0.        ]\n",
      " [0.         4.14921209 0.        ]\n",
      " [0.         0.         0.10349068]]\n",
      "Right singular\n",
      "[[-0.37582876 -0.8632763  -0.33690765]\n",
      " [ 0.71249815 -0.50165286  0.49060248]\n",
      " [-0.59253618 -0.05566356  0.80361834]]\n"
     ]
    }
   ],
   "source": [
    "import numpy as np\n",
    "\n",
    "A = np.array([\n",
    "    [4, 1, 3],\n",
    "    [2, 8, 2],\n",
    "    [1, 2, 1],\n",
    "])\n",
    "\n",
    "U, S, Vt = np.linalg.svd(A)\n",
    "\n",
    "print(\"Left singular\")\n",
    "print(U)\n",
    "print(\"Sigma\")\n",
    "print(np.diag(S))\n",
    "print(\"Right singular\")\n",
    "print(Vt)"
   ]
  },
  {
   "cell_type": "markdown",
   "id": "c9adc28d",
   "metadata": {},
   "source": [
    "Let's do a quick check to make sure we get back where we wanted"
   ]
  },
  {
   "cell_type": "code",
   "execution_count": 40,
   "id": "19af784d",
   "metadata": {},
   "outputs": [
    {
     "name": "stdout",
     "output_type": "stream",
     "text": [
      "[[4. 1. 3.]\n",
      " [2. 8. 2.]\n",
      " [1. 2. 1.]]\n"
     ]
    }
   ],
   "source": [
    "print(U @ np.diag(S) @ Vt)"
   ]
  },
  {
   "cell_type": "markdown",
   "id": "330672d9",
   "metadata": {},
   "source": [
    "And that's a little boring, so, let's do the steps ourselves, first let's grab the transpose"
   ]
  },
  {
   "cell_type": "code",
   "execution_count": 41,
   "id": "14e52275",
   "metadata": {},
   "outputs": [],
   "source": [
    "a_transpose_a = A.T @ A"
   ]
  },
  {
   "cell_type": "markdown",
   "id": "27c8e1d2",
   "metadata": {},
   "source": [
    "We know that this produces a symmetric matrix, so, we can use the faster algorithm to get the eigenvalues"
   ]
  },
  {
   "cell_type": "code",
   "execution_count": 42,
   "id": "73958faf",
   "metadata": {},
   "outputs": [
    {
     "name": "stdout",
     "output_type": "stream",
     "text": [
      "(A^T)A eigen values\n",
      "[1.07103202e-02 1.72159610e+01 8.67733287e+01]\n",
      "(A^T)A eigen vectors\n",
      "[[-0.59253618 -0.71249815 -0.37582876]\n",
      " [-0.05566356  0.50165286 -0.8632763 ]\n",
      " [ 0.80361834 -0.49060248 -0.33690765]]\n"
     ]
    }
   ],
   "source": [
    "a_transpose_a_eigen_values, a_transpose_a_eigen_vectors = np.linalg.eigh(a_transpose_a)\n",
    "print(\"(A^T)A eigen values\")\n",
    "print(a_transpose_a_eigen_values)\n",
    "print(\"(A^T)A eigen vectors\")\n",
    "print(a_transpose_a_eigen_vectors)"
   ]
  },
  {
   "cell_type": "code",
   "execution_count": 43,
   "id": "64e7b505",
   "metadata": {},
   "outputs": [
    {
     "name": "stdout",
     "output_type": "stream",
     "text": [
      "(A^T)A eigen values sorted\n",
      "[8.67733287e+01 1.72159610e+01 1.07103202e-02]\n",
      "(A^T)A eigen vectors sorted\n",
      "[[-0.37582876 -0.71249815 -0.59253618]\n",
      " [-0.8632763   0.50165286 -0.05566356]\n",
      " [-0.33690765 -0.49060248  0.80361834]]\n"
     ]
    }
   ],
   "source": [
    "# 1. Get the sort indices (High to Low)\n",
    "sort_indices = np.argsort(a_transpose_a_eigen_values)[::-1]\n",
    "\n",
    "# 2. Reorder Eigenvalues\n",
    "sorted_eigenvalues = a_transpose_a_eigen_values[sort_indices]\n",
    "\n",
    "# 3. Reorder Eigenvectors (Columns)\n",
    "# We use [:, sort_indices] to shuffle columns, keeping rows intact\n",
    "sorted_eigenvectors = a_transpose_a_eigen_vectors[:, sort_indices]\n",
    "\n",
    "print(\"(A^T)A eigen values sorted\")\n",
    "print(sorted_eigenvalues)\n",
    "# Expected: [8.  2.]\n",
    "\n",
    "print(\"(A^T)A eigen vectors sorted\")\n",
    "print(sorted_eigenvectors)\n",
    "# Expected: Columns matching the order of 8 and 2"
   ]
  },
  {
   "cell_type": "markdown",
   "id": "07d8ea89",
   "metadata": {},
   "source": [
    "We can then compose the singular values from the eigenvalues, and create a diagonal matrix with these entries"
   ]
  },
  {
   "cell_type": "code",
   "execution_count": 44,
   "id": "b68c4066",
   "metadata": {},
   "outputs": [
    {
     "name": "stdout",
     "output_type": "stream",
     "text": [
      "sigma\n",
      "[[9.31522027 0.         0.        ]\n",
      " [0.         4.14921209 0.        ]\n",
      " [0.         0.         0.10349068]]\n"
     ]
    }
   ],
   "source": [
    "singular_values = np.sqrt(sorted_eigenvalues)\n",
    "sigma = np.diag(singular_values)\n",
    "print(\"sigma\")\n",
    "print(sigma)"
   ]
  },
  {
   "cell_type": "markdown",
   "id": "2bb7c0cc",
   "metadata": {},
   "source": [
    "Lastly we want our left singular vectors, which we can get by the formula U = A V Σ⁻¹"
   ]
  },
  {
   "cell_type": "code",
   "execution_count": 45,
   "id": "316b9588",
   "metadata": {},
   "outputs": [
    {
     "name": "stdout",
     "output_type": "stream",
     "text": [
      "left singular\n",
      "[[-0.36255872 -0.92069219 -0.14448898]\n",
      " [-0.89441613  0.38730766 -0.22363489]\n",
      " [-0.26186058 -0.04815249  0.96390372]]\n",
      "result\n",
      "[[4. 1. 3.]\n",
      " [2. 8. 2.]\n",
      " [1. 2. 1.]]\n"
     ]
    }
   ],
   "source": [
    "left_singular = (A @ sorted_eigenvectors) / singular_values\n",
    "print(\"left singular\")\n",
    "print(left_singular)\n",
    "\n",
    "print(\"result\")\n",
    "print(left_singular @ sigma @ (sorted_eigenvectors.T))"
   ]
  },
  {
   "cell_type": "markdown",
   "id": "e6d9fa04",
   "metadata": {},
   "source": [
    "cool, checked that it works with higher dimensions"
   ]
  }
 ],
 "metadata": {
  "kernelspec": {
   "display_name": ".venv",
   "language": "python",
   "name": "python3"
  },
  "language_info": {
   "codemirror_mode": {
    "name": "ipython",
    "version": 3
   },
   "file_extension": ".py",
   "mimetype": "text/x-python",
   "name": "python",
   "nbconvert_exporter": "python",
   "pygments_lexer": "ipython3",
   "version": "3.12.3"
  }
 },
 "nbformat": 4,
 "nbformat_minor": 5
}
